+-------+-------+-------+
| 8 0 1 | 0 0 7 | 0 9 0 |       [4,6]          |[3,4,5,6] [4,5]                |[2,3,5] [2,4,5]
| 5 9 0 | 0 8 0 | 0 6 1 |             [2,7]    |[3,4]               [2,4]      |[2,3,7]
| 0 3 0 | 0 0 0 | 0 8 0 | [4,7]       [2,6,7]  |[4,5,6,9] [1,4,5,9] [1,2,4,6,9]|[2,5,7] [2,4,5]
+-------+-------+-------+ ---------------------+-------------------------------+------------------
| 0 1 0 | 2 7 5 | 8 4 3 | [6,9]       [6,9]    |                               |
| 3 5 8 | 0 6 0 | 1 2 7 |                      |[4,9]               [4,9]      |
| 2 7 4 | 1 3 8 | 9 5 6 |                      |                               |
+-------+-------+-------+ ---------------------+-------------------------------+------------------
| 0 8 0 | 0 0 0 | 0 3 0 | [4,7]       [5,6,7,9]|[4,5,6,9] [1,4,5,9] [1,4,6,9]  |[2,5,6] [2,5]
| 1 0 0 | 8 2 0 | 0 7 9 |       [4,6] [3,5,6]  |                    [3,4,6]    |[5,6]
| 0 2 0 | 7 0 0 | 4 1 8 | [6,9]       [3,5,6,9]|          [5,9]     [3,6,9]    |
+-------+-------+-------+

First Row:
Square 1: 4 cannot be in the middle line
Square 3: 4 cannot be in the middle line
=>
Square 2: 4 has to be in the middle line so we can eliminate from top and bottom rows
   1 2 3   4 5 6   7 8 9
 +-------+-------+-------+------------------------+--------------------+---------------------------+
A| 0 4 3 | 9 8 0 | 2 5 0 | [1,7]                  |             [6,7]  |                  [1,6,7]  |
B| 6 0 0 | 4 2 5 | 0 0 0 |       [7,8,9] [1,7,8,9]|                    |[1,3,8]   [3,8]   [1,7,8]  |
C| 2 0 0 | 0 0 1 | 0 9 4 |       [5,7,8] [5,7,8]  |[3,7] [3,6]         |[6,8]                      |
 +-------+-------+-------+------------------------+--------------------+---------------------------+
D| 9 0 0 | 0 0 4 | 0 7 0 |       [5,6,8] [2,5,6,8]|[1,3] [1,3,5]       |[1,5,6,8]         [1,2,6,8]|
E| 3 0 0 | 6 0 8 | 0 0 0 |       [5,7]   [2,5,7]  |      [1,5,7]       |[1,4,5,9] [2,4]   [1,2,9]  |
F| 4 1 0 | 2 0 9 | 0 0 3 |               [5,6,7,8]|      [5,7]         |[5,6,8]   [6,8]            |
 +-------+-------+-------+------------------------+--------------------+---------------------------+
G| 8 2 0 | 5 0 0 | 0 0 0 |               [1,7]    |      [1,6]  [3,6,7]|[3,4,6,9] [3,4,6] [6,9]    |
H| 0 0 0 | 0 4 0 | 0 0 5 | [1,7] [6,9]   [6,9]    |[1,7]        [2,3]  |[3,8]     [2,3,8]          |
J| 5 3 4 | 8 9 0 | 7 1 0 |                        |             [2,6]  |                  [2,6]    |
 +-------+-------+-------+------------------------+--------------------+---------------------------+ 
